00100110
01011001
01101010
01011000
00111011
01110000
00110111
01110010
01000000
00110011
01000001
01100101
01010101
10010111
01100100
00100101
00000000
00101110
11111111
00001110
11000110
11110011
01001101
01010010
11111111
01000110
00100101
01100011
10000111
11100001
00110110
10000110
01010010
00101000
11100001
11000000
00010101
00100100
10010010
10010010
01010110
01010101
00110011
01010101
01001001
01100011
10000111
01000110
00110110
00101110
00101101
00100010
11111111
00111011
11101011
10000100
01110100
00011110
00010111
00011111
00001100
01101001
00101101
00010110
00111101
01101010
11111111
10101000
00010000
10110111
10100101
10110011
11010011
11110111
10001010
00011101
10001100
00010011
11111111
11111111
00010010
11110010
00101110
01101100
01100001
10001111
00001010
11111111
01011011
00100100
10010100
10011010
00111110
10000010
01101111
00110000
00110110
00100110
01110010
01010001
00001001
00011000
00100101
01111101
00110010
00011001
00100100
00000111
01100010
01100100
10110011
01000100
11110101
00010110
00011111
01110010
01100101
01111001
00101101
11001011
01000011
01101100
10101010
11111111
00010101
00101101
01011011
10100110
10000000
01100100
00001111
01000110
01111010
11001111
01100001
10011000
11001111
11000011
10101010
10111011
00000101
01001110
10100111
10111001
11011101
00011010
10011000
01100110
10100001
00010011
11010000
00000010
01101001
00011100
11110010
01000100
00100110
11100110
01110100
00000111
