111111101100000111
111111110110101001
000000101000000110
111111011011100101
000000000000010111
000000000011101101
000000010111101101
111111101000010110
111111111000011010
000000001010001100
000001000100010100
111110101110000101
000000011000101111
000000010011001111
000000001010010010
111111110100000110
000000100110100010
000000101011100100
000001000011011011
000000010110111011
000000110011111000
000000101000001100
000001010011010110
000000001000111101
000001011001111010
000001100001101111
000010001010110110
000001000100011010
000001010001011000
000000101001110101
000001111100000011
111111111000111011
000000001001000001
111111111000010110
111111010101000011
000001000010001010
000000010110001100
000000010001101101
111111101000001010
000000110111101101
000000110001010010
111111111001111100
111111000001101011
000001100010110000
000000101011101101
000000110111001010
111111111000100010
000000111010101010
111111010010011111
000000110001110101
000001000001111111
111111101011010101
111111011001100110
000000101011011101
000001101010001111
111111110111000110
111110011000010001
000001101011000100
000010100010111010
111111000111110100
111111011010111000
000000101100101011
000010110110100111
000000000101000111
000000100101010001
111111111111101111
111111100000011010
111111011001100000
000000110110111001
111111111110100010
111111101110001001
111111110001010110
000001010001101001
111111110101000100
111110111110100101
111111010011000111
000001011100001010
000000000000001101
111111111001111101
000000001001000101
